217.03
121.44
126.5
125.1
105.19
94.58
89.344
104.49
97.687
115.28
127.99
141.13
154.54
147.96
199.16
250.08
354.66
454.46
632.8
845.35
1150.3
1327.9
1366.7
1339.3
1372.8
1358.1
1311.6
1242
1177.8
1257.4
1233.1
1173.7
1137
1135.4
1171.7
1157
1140
1108.2
1110.6
1089.8
1055.4
1029.4
1076.7
1062.5
1023.2
1030.5
983.74
974.86
799.4
685.89
635.49
547.18
581.69
634.52
523.14
540.83
496.3
525.24
427.02
474.18
495.99
638.42
680.02
683.25
722.92
718.63
767.64
787.3
858.2
937.49
912.28
941.23
931.41
923.23
927.48
866.1
810.95
776.96
709.46
637.6
578.64
526.59
504.19
456.74
413.74
370.2
345.74
305.45
277.62
240.45
236.75
193.79
171.06
122.2
123.89
101.92
104.12
82.296
85.74
73.709
73.472
67.849
76.568
83.023
102.44
117.48
109.37
106.15
108.17
123.78
161.49
213.96
291.07
458.15
626.29
853.57
1114
1301.4
1386.3
1450.9
1305.5
1281.7
1233.5
1229.9
1196.5
1210.9
1217.9
1135.3
1111.7
1165.6
1138
1123.4
1080.9
1117
1105.3
1073.3
1093.9
1089.2
974.06
1013.7
931.64
908.44
836.66
783.66
782.69
695.98
729.7
708.7
708.79
711.69
648.94
675.34
613.6
616.43
564.81
585.45
565
516.97
545
521.01
424.41
532.63
491.08
596.51
559.13
549.14
579.45
579.95
659.72
669.25
751.88
900.22
949.68
992.95
908.78
856.19
800.71
724.94
655.99
569.11
519.5
458.87
397.29
391.16
365.73
277.33
222.79
203.14
191.89
143.74
137.53
119.79
124.52
111.09
96.314
93.5
94.84
91.602
78.689
99.845
102.02
132.49
134.34
148.15
128.69
175.17
213.88
261
299.42
452.83
614.66
811.19
1023.8
1229.9
1257.4
1248
1200.5
1205.4
1162.6
1142.7
1145
1111.2
1118.6
1088.9
1055.2
1095.9
1100.4
1142.7
1193.5
1203.3
1222.1
1144.9
938.29
925.95
854.11
827.8
812.63
743.8
722.57
696.86
634.67
594.45
574.97
598.03
565.06
529.64
474.34
433.97
458.7
458.7
424.88
475.3
460.06
533.37
538.92
638.38
526.4
569.98
581.91
652.03
667.87
838.81
862.69
948
1002.8
877.14
983.08
1038.3
1075.9
1085.6
1009.2
910.04
806.6
737.3
695.96
646.86
578.76
521.7
483.57
462.52
398.49
358.06
325.32
306.3
264.21
240.18
232.51
201.17
190
171.09
145.31
115.06
106.33
102.55
89.559
78.81
101.29
107.37
132.43
129.12
143.19
153.72
176.73
227
281.18
350.63
414.4
481.31
576.15
657.8
730.32
714.96
747.37
802.08
859.55
923.91
986.6
1036.7
1128.8
1217.2
1370
1407.9
1413.3
1377.3
1388.7
1282.4
1157.5
1011.2
1045.6
971.39
953.04
887.85
848.65
863.96
817.33
832.39
857.37
785.61
768.2
769.78
773.51
872.65
1046.5
1173
1237
1216.7
1188.9
1139.2
1083
1169.1
1188.3
1171
1201.2
1184
1241.3
1258
1250.7
1286.4
1262.6
1240.7
1240.9
1145
1158.3
1058.5
1134
1092.5
1073.4
1038.9
997.7
1018.8
961.9
873.62
788.96
773.46
751.24
780.23
698.16
637.43
573.04
512.73
478.37
440.38
379.01
297.32
265.45
233.3
214.49
165.06
153.03
148.88
134.46
137.58
119.86
132.38
128.89
134.09
141.74
147.28
159.79
171.84
207.79
248.53
311.9
332.38
387.29
443.76
486.18
444.71
442.44
448.32
534.68
685.22
762.74
862.43
930.05
1012.1
1073.7
1174.8
1242.4
1313.7
1397.6
1445.5
1421.5
1368.1
1341.7
1197.2
767.19
868.07
898.9
817.06
745.02
852.41
808
794.85
821.45
805.56
857.62
918.51
958.25
977.77
1023.6
1122.1
1232.9
1201.5
1156.9
1088.9
978.53
982.88
883.68
888.65
912.52
885.94
850.31
935.8
991.78
925.89
1022.7
942.49
955.4
975.51
878.81
970.69
865.66
824.49
1030.5
1242.4
1263.4
1225.9
1188.3
1094
1072.9
1014.8
886.46
682.47
505.85
407.62
327.08
267.69
241.61
220.98
161.86
132.09
124.72
123.48
111.19
107.36
120.98
124.76
136.89
146.98
149.23
137.67
159.35
182.89
235
310.71
455.69
668.86
837.79
1023.9
1217.8
1322.6
1430.5
1395.6
1323.7
1159.5
1087
1183
1181.2
1184.2
1184.6
1148
1099
1136.9
1153
970.92
891.58
930.23
979.47
920.72
853.75
828.1
778.23
828.52
748.47
730.88
714.62
845.06
863.05
806.25
860.28
916.31
905.98
895.19
944.66
895.71
743.41
733.36
668.02
599.81
610.27
586.13
558.11
530.45
617.04
586.8
662.05
691.72
768.39
754.12
879.34
945.77
973.26
983.62
890.6
845.97
817.48
785.37
759.36
700.56
616.28
577.09
545.89
482.33
423.24
405.37
368.36
348.69
288.52
294.67
239.28
216.39
205.1
191.9
174.56
141.83
142.74
123.55
100.66
84.078
85.577
82.421
83.233
83.519
91.358
101.19
117.94
118.88
117.27
166.28
197.11
289.42
380.94
517.51
687.58
831.1
1195.8
1305.5
1426.1
1489.7
1395.3
1301.2
1242.5
1216.7
1244
1246.9
1199.8
1171
1188
1152.5
1173.2
1159
1056.1
1126.4
1050.5
1076.3
1079.7
1086.3
1095.1
1050.6
1039
1033
1021.3
1004.7
973.18
957.35
974.62
990.06
1013.3
1042.6
1063.3
1070.3
1056.6
924.36
800.36
758.85
714.8
631.15
616.93
684.64
608.16
591.42
614.51
692.65
715.09
720.08
858.97
954.37
1007.1
1008.7
878.56
765.61
773.29
676.49
694.59
635.33
582.55
550.63
496.34
430.8
413.1
377.64
360.2
303.76
266.93
237.25
223.17
177.6
147.95
158.1
142.17
105.33
105.88
106.79
87.528
76.752
96.618
93.485
96.385
104.83
117.13
129.37
114.84
128.52
126.99
170.86
196.81
261.21
343.98
473.29
636.48
923.66
1150.3
1275.6
1367.9
1366.3
1336.5
1312
1294.5
1202.2
1216.4
1209
1143.6
1119.3
1103.3
1146.2
1186.8
1159.5
1105.1
1150.2
1087.4
1062.2
987.88
991.77
999.19
1032.3
1012
1012.8
1031.3
1001.9
1054.5
1081.4
1060.9
1035.6
967.08
989.86
983.51
923.3
978.97
891.63
862.56
822.58
709.34
592.61
523.44
472.17
536.52
465.89
427.73
514.11
578.84
737.07
821.8
1024.8
1030.5
1026.6
1109.3
970.29
869.07
823.16
758.04
700.37
625.08
564.98
525.47
483.13
427.22
387.38
358.69
321.31
280.8
241.73
230.78
220.57
184.51
161.34
136.1
141.34
118.9
118.29
108.98
120
105.11
95.602
87.638
93.746
89.063
92.67
126.43
129.71
146.14
168.08
221.68
263.97
326.79
461
587.05
806.97
1093.5
1244.7
1318.1
1356.4
1379.2
1277.8
1257.9
1118.5
1152.4
1155
1213
1183.2
1152.9
1128.4
1099.8
1106.3
1128.3
1126.2
1129.5
1092
987.95
930.38
870.36
863.06
807.05
766.64
735.54
670.98
657.37
681.18
644.56
675.82
618.13
672.4
586.6
617.85
558.55
574.32
582.67
601.58
516.53
505.09
518.53
544.5
391.47
479.85
466.8
600.36
557.03
683.83
702.39
760.44
876.79
974.52
1029.9
950.72
898.24
879.69
839.53
725.06
653.79
592.49
507.08
470.03
450.79
438.43
386.36
355.43
334.26
312.19
267.47
226.81
210.29
197.24
181.09
175.49
149.44
141.45
142.86
115.02
94.224
86.167
101.84
92.619
98.194
105.83
131.3
132.23
163.87
180.28
215.63
256.06
319.68
420.64
588.04
740.46
1008.8
1213.2
1230.6
1234.8
1180.9
1113
1100
1065.2
1103.8
1169.6
1103.5
1137.5
1071.2
1098.8
1130.6
1167.3
1196
1185.8
1122
1037.3
926.41
852.39
809.71
783.66
735.09
705.92
611.04
809.95
738.16
671.34
653.36
658.18
561.98
526.53
522.93
460.83
542.34
410.74
522.76
528.59
447.79
481.32
498.31
639.93
521.68
526.66
556.96
617.85
602.52
680.21
755.55
859.79
953.1
994.83
926.55
995.09
970.7
873.48
809.38
755.82
693.19
601.74
575.96
528.35
490.69
470.51
447.33
414.81
383.7
410.17
375.11
368.2
320.22
324.21
282.39
244.42
214.7
194.53
175.64
147.31
135.82
125.21
121.58
117.64
113.55
126.72
129.65
157.53
167.05
190.89
224.99
243.96
273.43
314.43
407.22
428.88
461.16
569.56
672.39
725.61
716.01
801.38
871.8
928.33
983.38
1029.7
1105.1
1155
1246.8
1354.5
1431.8
1391.1
1382.5
1346.8
1098.9
1060.8
917.6
948.64
920.16
855.8
867.61
796.26
773.97
782.11
743.28
777.01
819.76
807.33
880.53
907.95
992.44
976.28
995.94
1158.2
1020.8
1156.5
1248
1256.3
1251.8
1276.6
1270.2
1220.1
1219.2
1126
969.97
977.34
987.81
997.99
852.2
896.07
970.18
1009.3
955.04
861.19
825.22
807.55
749.56
712.82
702.47
624.27
622.59
647.14
680.06
618.35
554.61
501.33
508.84
429.43
402.67
333.18
334.31
258.98
189.09
126
119.06
103.29
83.413
83.353
80.94
84.488
95.459
108.53
110.75
117.59
129.43
155.24
217.91
292.49
404.66
558.04
794.82
991.03
1167.3
1167.3
1201.5
1148.9
1079.3
1107.2
1137.1
1154
1082.6
1117.1
1073.4
1015.1
993.04
1046.5
1030.1
991.9
981.07
951.97
939.2
948.06
955.37
961.41
1023.8
1086.6
1124
1085.3
1078.6
1093.6
966.96
887.74
846.11
908.43
797.83
768.7
688.53
750.05
680.7
629.02
669.26
705.07
668.5
786.16
639.45
603.8
658.74
669.22
636.6
638.11
734.19
728.6
775.88
831.85
890.73
901.55
848.7
803.23
758.97
727
676.42
587.54
550.93
511.88
448.19
418.59
374.07
357.97
292.55
253.79
217.03
209.62
170.46
146.36
122.51
116.62
108.02
112.93
107.76
87.692
92.844
71.949
83.903
70.704
84.889
92.475
98.561
94.719
108.91
123.3
114.95
127.09
183.79
245.24
322.05
464.9
632.15
901.05
1199.6
1295.4
1438.1
1425.5
1389
1180.7
1278.6
1186.5
1266.2
1258
1202.2
1165.8
1193.6
1226.8
1202.8
1138.1
1116.9
1151.9
1123.7
1102.9
1093.4
1114.9
1090.5
1126.4
1087.8
1003.1
1047.2
1090
1052.1
1092.8
966.26
941.41
942.11
942.62
1003.4
1057.9
1117.5
1085
1015.7
888.94
827.08
696.96
606.29
575.95
590.06
609.49
649.25
706.61
877.95
1072.6
1057.2
1016.6
941.25
935.41
933.14
850.55
789.14
686.79
599.39
545.55
518.92
503.04
476.47
450.99
418.45
365.39
328.73
302.82
275.61
230.48
195.37
169.19
149.54
137.04
120.84
137.08
118.85
114.57
90.968
91.975
78.658
79.617
78.272
91.526
110.41
133.52
139.08
144.14
142.81
179.64
214.93
268.64
350.94
428.52
579.18
735.03
1067.3
1331
1359.2
1385.2
1339.7
1308.1
1112.2
1249.9
1201
1217.1
1236.9
1195.1
1149.9
1142.8
1132.9
1148.1
1096.1
1072.3
1071.3
1011
928.53
990.62
1016.9
1049.5
1036.6
1033.8
1060.1
1003.5
1007.3
1021
1014.7
1037
883.7
1044.9
1125.7
933.18
942.53
918.52
807.94
775.61
696.9
660.5
682.48
660.7
643.01
573.84
671.58
645.44
717.22
746.85
868.93
952.6
976.82
968.9
923.85
859.88
808.47
756.57
675.65
604.15
547.52
516.52
491.76
463.16
419.68
364.69
322.12
292.28
261.59
226.11
197.09
190.02
158.2
146.33
122.53
123.8
135.51
129.66
109.39
100.21
107.93
96.376
73.036
96.237
108.04
118.96
108.67
107.42
126.05
168.99
212.65
277.81
324.77
441.87
613.53
840.1
1114.3
1235
1343.7
1399.6
1359.4
1288.9
1196.3
1057.6
1122.5
1065.6
995.75
998.5
972.85
1003.8
1034.2
1048.8
969.13
917.45
880.1
799.44
758.2
722.76
682.53
674.73
665.21
645.78
658.9
647.49
673.92
611.67
677.18
638.69
686.41
632.06
667.39
617.25
657.12
574.2
676.86
632.2
761.32
760.38
749.76
778.63
733.29
690.89
691.14
691.79
690
806.59
868.68
992.22
1015.6
969.67
908.41
842.75
813.23
809.77
704.36
623.05
599.95
524.57
476.23
441.7
451.38
396.15
311.79
288.55
272.08
246.74
187.69
173.36
138.84
146.55
122.4
119.45
105.55
114.76
107.93
97.318
94.676
96.058
114.65
95.027
124.67
137.89
139.55
154.86
188.06
226.39
264.66
307.54
370.22
445.92
608.62
726.38
914.93
1155.3
1226.8
1172.2
1213.3
1155.6
1207.9
1196.3
1167.3
1169.9
1116.8
1050.1
1072.5
1070
1108.1
1025.3
973.61
1159.3
1217.8
1031.8
985.84
885.34
844.15
821.07
737
708.27
686.2
649.53
667.95
683.57
616.32
568.97
574.25
505.21
566.78
454.85
453.75
483.31
549.73
545.98
511.43
559.93
566.77
608.76
578.26
625.79
613.89
717.51
721.78
855.94
906.01
1004.2
991.73
1065.9
1005.8
1056.7
970.69
893.81
875.46
785.63
746.69
677.39
612.53
557.36
530.03
491.27
440.36
406.79
360.54
316.82
248.68
216.16
182.44
178.5
160.93
145.85
131.3
159.6
147.53
131.41
107.63
112.25
104.92
122.77
145.21
164.41
145.98
155.99
164.09
181.04
211.73
239.69
299.79
355.04
366.59
448.83
505.48
614.47
640.56
644.57
736.82
815.51
897.08
938.81
1015.2
1107.4
1143.6
1198.3
1300.7
1398.1
1422.5
1374.4
1336.5
1302.1
1241.5
1141.3
1006.4
965.82
916.94
922.3
896.9
820.02
824.63
769.05
753.78
755.18
761.57
783.84
797.35
775.84
759.21
960.26
913.59
1020.6
992.71
1109.2
1128.3
1152.3
1189.5
1195
1226.9
1214.3
1285.6
1233.5
1231.7
1133.9
1171.1
1165.5
1143.4
1123.2
1080.2
1002.1
947.52
881.97
870.54
849.12
765.63
752.08
670.06
637.96
595.3
547.28
517.64
530.52
518.37
492.28
439.46
395.12
348.42
312.27
297.07
251.04
235.51
217.2
212.96
167.91
137.15
116.97
133.53
111.74
117.45
113.28
115.18
143.89
146.33
156.56
142.01
176.43
202.2
236.41
252.15
255.42
276.55
333.1
439.28
477.01
466.08
418.49
445.43
554.22
676.78
738.5
975.18
953.37
1075.1
1234.3
1270.6
1342.4
1374.7
1441.1
1493.6
1368.8
1361.8
1220.3
1069.7
1082.2
1035.5
967.17
984.76
990.06
1004.1
965.22
901.67
933.05
984.46
1017.2
980.85
1038.5
1009.7
984.6
997.28
988.56
948.62
956.12
945.61
896.81
828.76
909.35
940.18
958.48
1070.2
1116.3
1146.2
1202.2
1130.7
982.65
854.27
839.09
734.16
824.51
973.86
1008.3
977.55
921.97
830.2
762.88
616.86
512.05
459.37
422.24
378.6
355
269.61
212.36
181.85
152.31
131.86
123.55
131.71
114.18
120.96
113.27
104.2
105.12
116.04
107.23
117.38
127.15
127.67
143.93
166.78
182.59
257.28
319.16
427.23
556.91
760.38
958.49
1197.2
1307.5
1316.6
1393.2
1363.1
1319.9
1161.4
1190.5
1203.8
1165.2
1146.8
1063.1
992.96
973.24
955.25
973.89
975.48
959.64
941.07
939.85
845.1
851.97
929.24
886.34
902.82
967.27
920.23
946.05
920.73
852.13
897.73
989.04
1089.3
1148.1
1143.2
1131.6
1095.4
875.98
761.6
739.45
613.24
411.61
328.39
365.92
388.88
513.52
558.27
688.18
804.59
938.73
1024.4
969.86
968.97
892.39
861.96
863.98
777.54
711.51
638.47
576.78
542.29
485.34
479.02
432.32
408.84
379.25
377.71
346.07
315.97
310.61
267.16
241.56
196.81
175.25
137
136.29
123.64
95.623
90.018
91.596
77.745
68.219
82.745
89.8
87.179
96.96
95.304
104.75
121.27
170.22
206.8
260.42
305.49
456.1
648.42
886.7
1156.5
1321.9
1386.5
1433.7
1414.5
1175.8
1087.4
1251.9
1180.1
1204.9
1222.4
1185.3
1168.5
1173.8
1104.3
1078.6
1064
1102.9
1129.3
1055.4
1060
1073.4
1075.2
1079.8
1057
1057.1
1017.7
972.98
955
960.76
1002.2
990.37
1014.1
979.8
971.44
985.75
978.5
1152.3
1155.1
1100.8
944.34
858.96
690.11
622.2
603.45
501.49
590.37
661.23
707.2
708.59
675.47
754.14
896.22
941.49
961.59
908.76
784.23
789.33
704.83
624.6
559.83
481.69
450.43
409.81
343.72
317.73
257.01
218.52
177.12
177.71
88.813
55.931
74.002
72.642
56.701
49.714
54.622
56.148
51.764
48.809
44.919
50.758
43.343
47.609
49.698
50.994
63.203
78.593
99.717
116.93
141.16
198.29
280.73
441.71
608.88
853.89
1115.5
1338.6
1373.6
1466.5
1427.6
1328.1
1142.7
1062.7
1216.9
1065.8
1165.4
1253.5
1141.8
1197.1
1156.7
1087.5
1100
1108.7
1108.6
1127.2
903.69
947.99
1012
1011.4
1107
1051.9
1090.7
1112
1038.5
1015.8
1023.8
1050.6
980.46
1000.1
891.34
784.83
764.31
690.19
651.08
623.13
611.14
541.96
572.81
545.88
536.86
481.51
502.63
542.68
606.29
606.65
739
782.78
873.52
1005.4
984.96
826.78
869.1
799.91
784.76
715.38
657.02
589.63
514.35
459.29
402.06
336.54
294.59
246
243.64
205.67
185.88
149.39
